621
623
630
638
639
641
642
644
645
647
648
654
659
660
662
664
666
670
671
672
674
682
683
684
687
691
693
694
701
713
715
717
718
720
731
733
734
739
741
743
744
746
747
760
766
767
770
771
776
781
783
785
789
792
795
812
815
818
824
826
834
837
838
842
845
847
851
855
857
859
860
865
867
870
871
873
876
899
901
916
919
920
929
934
938
946
959
962
970
974
975
977
986
991
997
1000
1003
1004
1005
1008
1016
1017
1018
1020
1021
1032
1034
1035
1040
1041
1045
1047
1050
1051
1057
1058
1062
1063
1065
1068
1073
1081
1085
1087
1091
1095
1097
1098
1100
1101
1104
1115
1118
1119
1120
1123
1126
1127
1129
1132
1137
1138
1140
1141
1142
1144
1145
1146
1147
1148
1150
1153
1154
1161
1165
1168
1169
1172
1174
1175
1184
1185
1188
1190
1193
1199
1201
1204
1205
1207
1209
1210
1212
1214
1216
1217
1218
1224
1225
1226
1232
1234
1235
1236
1239
1241
1244
1254
1256
1259
1260
1264
1265
1266
1269
1270
1272
1274
1275
1277
1278
1279
1281
1284
1285
1286
1291
1292
1293
1296
1300
1308
1309
1311
1313
1315
1316
1321
1323
1327
1328
1333
1338
1339
1343
1344
1345
1348
1361
1362
1369
1371
1379
1384
1387
1388
1389
1391
1395
1398
1404
1417
1423
1431
1432
1433
1462
1468
1477
1484
1487
1501
1505
1511
1515
1518
1520
1543
1547
1562
1565
1566
1570
1573
1587
1588
1590
1601
1607
1619
1621
1629
1633
1639
1641
1643
1647
1648
1649
1650
1661
1667
1672
1680
1689
1697
1704
1710
1714
1723
1726
1729
1731
1742
1746
1747
1750
1758
1763
1766
1775
1776
1777
1778
1782
1783
1784
1786
1787
1788
1790
1793
1800
1802
1803
1814
1817
1824
1827
1834
1839
1840
1844
1846
1850
1858
1866
1867
1868
1871
1874
1875
1876
1878
1879
1880
1884
1885
1886
1888
1891
1894
1898
1899
1900
1901
1902
1906
1909
1914
1924
1925
1926
1929
1931
1938
1951
1957
1961
1962
1965
1966
1976
1977
1986
1989
1992
1998
2002
2004
2009
2024
2028
2036
