1
4
8
9
10
12
13
14
16
24
25
29
30
37
38
41
42
45
49
53
57
58
63
67
68
71
74
76
77
78
79
80
88
89
90
93
98
106
108
110
117
118
123
126
129
138
140
148
153
158
160
161
162
167
172
173
174
195
196
200
203
208
209
214
216
217
220
221
239
241
242
244
245
259
260
261
266
268
269
270
276
277
278
285
298
300
302
305
308
311
315
320
321
322
323
325
327
341
343
344
358
360
361
362
364
370
379
381
392
393
407
408
409
410
416
421
422
438
439
441
442
443
444
445
449
467
471
472
474
476
478
482
485
486
495
514
515
526
529
532
533
534
535
536
538
539
542
546
553
565
566
571
572
574
575
581
583
589
611
614
615
617
618
619
622
627
632
633
634
643
652
653
655
656
657
665
668
685
703
704
707
709
711
714
721
722
723
724
726
727
729
732
736
750
751
758
768
778
780
790
794
797
801
802
803
808
811
813
829
831
878
879
880
881
882
884
885
886
887
888
891
892
893
896
897
898
902
903
905
911
913
914
915
918
922
924
925
927
931
932
933
937
943
945
947
948
952
954
955
957
963
966
972
976
984
988
998
1013
1014
1025
1026
1028
1031
1036
1044
1060
1070
1090
1105
1106
1107
1109
1114
1117
1152
1155
1163
1167
1191
1192
1213
1242
1252
1289
1351
1353
1354
1355
1356
1357
1359
1368
1372
1374
1377
1380
1383
1392
1393
1394
1405
1408
1412
1419
1426
1427
1428
1436
1438
1442
1443
1444
1445
1446
1448
1449
1458
1459
1469
1470
1471
1476
1481
1485
1486
1492
1493
1494
1495
1497
1499
1503
1507
1508
1519
1525
1526
1529
1533
1537
1544
1546
1549
1550
1551
1556
1557
1560
1561
1564
1567
1580
1583
1589
1593
1594
1595
1596
1599
1645
1646
1652
1657
1658
1660
1663
1666
1668
1669
1670
1674
1675
1676
1678
1679
1681
1682
1683
1687
1688
1690
1695
1696
1698
1699
1705
1706
1712
1713
1715
1716
1719
1720
1722
1730
1733
1734
1741
1743
1749
1751
1759
1764
1765
1767
1772
1773
1785
1792
1797
1798
1806
1813
1816
1819
1822
1830
1841
1842
1851
1856
1862
1863
1869
1881
1882
1890
1897
1908
1910
1911
1923
1939
1941
1948
1955
1963
1967
1971
1978
1981
1990
1991
2003
2006
2015
2031
2046
2047
2048
2052
2058
2059
2061
2062
2065
